cpu  431096 299071 730650 25538333 24568 165010 50514 0 0 0
cpu0 46890 50460 96254 3147836 2541 42610 13518 0 0 0
cpu1 52016 59018 105371 3147522 3075 23312 8896 0 0 0
cpu2 52221 58690 104421 3151964 3020 22467 7296 0 0 0
cpu3 49552 54390 97411 3164042 2351 27535 6873 0 0 0
cpu4 44673 11429 87662 3230984 1959 18923 5453 0 0 0
cpu5 44533 11736 84271 3235835 1887 18174 5300 0 0 0
cpu6 71354 26587 78858 3227757 4854 6091 1649 0 0 0
cpu7 69854 26758 76400 3232390 4876 5894 1526 0 0 0
intr 42327416 0 4028278 17796370 0 0 804535 266100 0 0 0 0 10125367 0 4960 2223523 0 0 0 1 0 22 0 0 0 70 159 0 13335 0 279 0 0 0 0 0 0 0 0 0 0 0 0 0 0 0 0 0 0 0 0 0 0 0 0 0 0 0 0 0 0 0 0 0 0 0 0 0 0 0 0 0 0 0 0 0 0 0 0 0 0 0 0 0 0 0 0 0 0 0 0 0 0 0 0 0 0 0 0 0 0 0 0 0 0 0 0 0 0 0 0 0 0 0 0 0 0 0 0 0 0 0 0 0 0 0 0 0 0 0 0 0 0 0 0 0 0 0 0 0 0 0 0 0 0 0 0 0 0 0 0 0 0 0 0 1571 0 0 0 0 0 0 0 0 0 0 0 0 0 0 0 0 0 0 0 0 0 0 0 1 0 0 0 2 0 682120 0 1727 669 8 671 71 67813 459 189 0 0 0 0 0 0 0 0 0 0 0 570861 361883 0 0 0 522 0 0 0 0 541038 0 0 0 208186 107839 0 0 0 0 0 0 0 0 0 0 0 0 0 0 0 0 0 0 0 0 0 0 0 0 0 0 0 0 0 0 0 0 0 0 0 0 0 0 0 0 0 0 0 0 0 0 0 33 0 33 0 0 0 0 0 0 0 0 0 0 0 0 0 958 679 0 0 2897589 0 0 6 0 7 0 0 0 0 0 0 0 0 0 7 7 0 0 0 0 0 0 0 43 0 0 0 0 0 0 0 0 0 0 0 0 0 0 0 97 20872 0 0 0 0 0 0 0 0 0 0 0 0 0 0 0 13907 139988 2 0 0 0 398697 0 106136 0 17133 98521 67881 1 0 23624 0 0 0 0 0 0 2 74304 106316 0 193735 0 0 0 0 0 0 0 0 0 557 251 142 0 0 0 0 0 0 0 69 68 16485 2628 338009
ctxt 59275161
btime 1783912548
processes 108574
procs_running 2
procs_blocked 0
softirq 10759538 74368 1832723 43 444312 3143693 0 136003 4311293 413 816690
18078 (evermore.oda.qa) S 1085 1085 0 0 -1 4194624 182223 0 14629 0 3853 1718 0 0 10 -10 192 0 37715336 17932349440 224045 18446744073709551615 1 1 0 0 0 0 4612 1 1619039484 0 0 0 17 5 0 0 0 0 0 0 0 0 0 0 0 0 0
