cpu  429614 298987 729076 25532004 24562 164550 50452 0 0 0
cpu0 46773 50459 95985 3147095 2541 42464 13503 0 0 0
cpu1 51875 59013 105172 3146711 3073 23254 8883 0 0 0
cpu2 52073 58689 104222 3151148 3019 22413 7286 0 0 0
cpu3 49406 54388 97219 3163214 2351 27479 6865 0 0 0
cpu4 44499 11428 87495 3230160 1959 18869 5445 0 0 0
cpu5 44370 11733 84101 3234998 1886 18122 5294 0 0 0
cpu6 71049 26570 78684 3227000 4853 6071 1648 0 0 0
cpu7 69566 26704 76194 3231674 4876 5875 1524 0 0 0
intr 42226288 0 4023514 17751983 0 0 803370 264589 0 0 0 0 10096864 0 4944 2219894 0 0 0 1 0 22 0 0 0 70 159 0 13328 0 279 0 0 0 0 0 0 0 0 0 0 0 0 0 0 0 0 0 0 0 0 0 0 0 0 0 0 0 0 0 0 0 0 0 0 0 0 0 0 0 0 0 0 0 0 0 0 0 0 0 0 0 0 0 0 0 0 0 0 0 0 0 0 0 0 0 0 0 0 0 0 0 0 0 0 0 0 0 0 0 0 0 0 0 0 0 0 0 0 0 0 0 0 0 0 0 0 0 0 0 0 0 0 0 0 0 0 0 0 0 0 0 0 0 0 0 0 0 0 0 0 0 0 0 0 1571 0 0 0 0 0 0 0 0 0 0 0 0 0 0 0 0 0 0 0 0 0 0 0 1 0 0 0 2 0 681900 0 1727 669 8 671 71 67778 459 189 0 0 0 0 0 0 0 0 0 0 0 569683 359695 0 0 0 522 0 0 0 0 537597 0 0 0 207013 106663 0 0 0 0 0 0 0 0 0 0 0 0 0 0 0 0 0 0 0 0 0 0 0 0 0 0 0 0 0 0 0 0 0 0 0 0 0 0 0 0 0 0 0 0 0 0 0 33 0 33 0 0 0 0 0 0 0 0 0 0 0 0 0 958 679 0 0 2897173 0 0 6 0 7 0 0 0 0 0 0 0 0 0 7 7 0 0 0 0 0 0 0 43 0 0 0 0 0 0 0 0 0 0 0 0 0 0 0 97 20491 0 0 0 0 0 0 0 0 0 0 0 0 0 0 0 13907 139337 2 0 0 0 395177 0 106136 0 17123 98521 67881 1 0 23624 0 0 0 0 0 0 2 74283 106289 0 191295 0 0 0 0 0 0 0 0 0 557 251 142 0 0 0 0 0 0 0 69 68 16465 2628 337760
ctxt 59148241
btime 1783912548
processes 108385
procs_running 5
procs_blocked 0
softirq 10746174 74368 1831346 43 444141 3143296 0 135996 4301242 413 815329
18078 (evermore.oda.qa) S 1085 1085 0 0 -1 4194624 170811 0 14493 0 3355 1518 0 0 10 -10 199 0 37715336 18082758656 226228 18446744073709551615 1 1 0 0 0 0 4612 1 1619039484 0 0 0 17 2 0 0 0 0 0 0 0 0 0 0 0 0 0
