cpu  430444 299015 729900 25535430 24565 164803 50487 0 0 0
cpu0 46841 50459 96129 3147488 2541 42544 13511 0 0 0
cpu1 51956 59014 105273 3147153 3074 23286 8890 0 0 0
cpu2 52155 58689 104325 3151592 3020 22442 7292 0 0 0
cpu3 49489 54389 97321 3163656 2351 27510 6869 0 0 0
cpu4 44597 11428 87586 3230603 1959 18899 5449 0 0 0
cpu5 44459 11734 84195 3235443 1886 18151 5297 0 0 0
cpu6 71225 26572 78771 3227409 4853 6082 1649 0 0 0
cpu7 69719 26727 76297 3232082 4876 5885 1525 0 0 0
intr 42281062 0 4025989 17776154 0 0 803962 265424 0 0 0 0 10112167 0 4952 2221867 0 0 0 1 0 22 0 0 0 70 159 0 13332 0 279 0 0 0 0 0 0 0 0 0 0 0 0 0 0 0 0 0 0 0 0 0 0 0 0 0 0 0 0 0 0 0 0 0 0 0 0 0 0 0 0 0 0 0 0 0 0 0 0 0 0 0 0 0 0 0 0 0 0 0 0 0 0 0 0 0 0 0 0 0 0 0 0 0 0 0 0 0 0 0 0 0 0 0 0 0 0 0 0 0 0 0 0 0 0 0 0 0 0 0 0 0 0 0 0 0 0 0 0 0 0 0 0 0 0 0 0 0 0 0 0 0 0 0 0 1571 0 0 0 0 0 0 0 0 0 0 0 0 0 0 0 0 0 0 0 0 0 0 0 1 0 0 0 2 0 682120 0 1727 669 8 671 71 67798 459 189 0 0 0 0 0 0 0 0 0 0 0 570316 360881 0 0 0 522 0 0 0 0 539447 0 0 0 207646 107279 0 0 0 0 0 0 0 0 0 0 0 0 0 0 0 0 0 0 0 0 0 0 0 0 0 0 0 0 0 0 0 0 0 0 0 0 0 0 0 0 0 0 0 0 0 0 0 33 0 33 0 0 0 0 0 0 0 0 0 0 0 0 0 958 679 0 0 2897508 0 0 6 0 7 0 0 0 0 0 0 0 0 0 7 7 0 0 0 0 0 0 0 43 0 0 0 0 0 0 0 0 0 0 0 0 0 0 0 97 20670 0 0 0 0 0 0 0 0 0 0 0 0 0 0 0 13907 139688 2 0 0 0 397079 0 106136 0 17128 98521 67881 1 0 23624 0 0 0 0 0 0 2 74293 106301 0 192612 0 0 0 0 0 0 0 0 0 557 251 142 0 0 0 0 0 0 0 69 68 16477 2628 337892
ctxt 59216631
btime 1783912548
processes 108483
procs_running 7
procs_blocked 0
softirq 10753531 74368 1832094 43 444222 3143621 0 136000 4306681 413 816089
18078 (evermore.oda.qa) S 1085 1085 0 0 -1 4194624 176954 0 14562 0 3633 1621 0 0 10 -10 193 0 37715336 17956593664 225649 18446744073709551615 1 1 0 0 0 0 4612 1 1619039484 0 0 0 17 1 0 0 0 0 0 0 0 0 0 0 0 0 0
