cpu  430068 299013 729549 25533947 24565 164692 50472 0 0 0
cpu0 46805 50459 96064 3147323 2541 42509 13508 0 0 0
cpu1 51917 59014 105227 3146966 3074 23272 8887 0 0 0
cpu2 52121 58689 104279 3151401 3020 22429 7290 0 0 0
cpu3 49450 54389 97280 3163462 2351 27497 6867 0 0 0
cpu4 44549 11428 87552 3230412 1959 18886 5448 0 0 0
cpu5 44426 11734 84155 3235249 1886 18138 5296 0 0 0
cpu6 71147 26571 78743 3227229 4853 6077 1648 0 0 0
cpu7 69652 26727 76247 3231901 4876 5881 1525 0 0 0
intr 42257264 0 4024893 17765668 0 0 803716 265081 0 0 0 0 10105536 0 4950 2220999 0 0 0 1 0 22 0 0 0 70 159 0 13330 0 279 0 0 0 0 0 0 0 0 0 0 0 0 0 0 0 0 0 0 0 0 0 0 0 0 0 0 0 0 0 0 0 0 0 0 0 0 0 0 0 0 0 0 0 0 0 0 0 0 0 0 0 0 0 0 0 0 0 0 0 0 0 0 0 0 0 0 0 0 0 0 0 0 0 0 0 0 0 0 0 0 0 0 0 0 0 0 0 0 0 0 0 0 0 0 0 0 0 0 0 0 0 0 0 0 0 0 0 0 0 0 0 0 0 0 0 0 0 0 0 0 0 0 0 0 1571 0 0 0 0 0 0 0 0 0 0 0 0 0 0 0 0 0 0 0 0 0 0 0 1 0 0 0 2 0 681900 0 1727 669 8 671 71 67788 459 189 0 0 0 0 0 0 0 0 0 0 0 570042 360362 0 0 0 522 0 0 0 0 538637 0 0 0 207371 107012 0 0 0 0 0 0 0 0 0 0 0 0 0 0 0 0 0 0 0 0 0 0 0 0 0 0 0 0 0 0 0 0 0 0 0 0 0 0 0 0 0 0 0 0 0 0 0 33 0 33 0 0 0 0 0 0 0 0 0 0 0 0 0 958 679 0 0 2897475 0 0 6 0 7 0 0 0 0 0 0 0 0 0 7 7 0 0 0 0 0 0 0 43 0 0 0 0 0 0 0 0 0 0 0 0 0 0 0 97 20594 0 0 0 0 0 0 0 0 0 0 0 0 0 0 0 13907 139536 2 0 0 0 396250 0 106136 0 17126 98521 67881 1 0 23624 0 0 0 0 0 0 2 74283 106289 0 192041 0 0 0 0 0 0 0 0 0 557 251 142 0 0 0 0 0 0 0 69 68 16471 2628 337835
ctxt 59186665
btime 1783912548
processes 108441
procs_running 2
procs_blocked 0
softirq 10750429 74368 1831766 43 444182 3143600 0 135998 4304342 413 815717
18078 (evermore.oda.qa) S 1085 1085 0 0 -1 4194624 174317 0 14528 0 3507 1580 0 0 10 -10 199 0 37715336 18082758656 225710 18446744073709551615 1 1 0 0 0 0 4612 1 1619039484 0 0 0 17 5 0 0 0 0 0 0 0 0 0 0 0 0 0
