cpu  430194 299013 729662 25534439 24565 164728 50477 0 0 0
cpu0 46817 50459 96084 3147378 2541 42520 13509 0 0 0
cpu1 51929 59014 105241 3147029 3074 23276 8888 0 0 0
cpu2 52134 58689 104294 3151463 3020 22433 7290 0 0 0
cpu3 49464 54389 97292 3163526 2351 27501 6868 0 0 0
cpu4 44562 11428 87562 3230476 1959 18890 5448 0 0 0
cpu5 44436 11734 84168 3235315 1886 18142 5296 0 0 0
cpu6 71176 26571 78754 3227285 4853 6079 1649 0 0 0
cpu7 69673 26727 76264 3231962 4876 5882 1525 0 0 0
intr 42264981 0 4025277 17769049 0 0 803810 265194 0 0 0 0 10107683 0 4951 2221286 0 0 0 1 0 22 0 0 0 70 159 0 13331 0 279 0 0 0 0 0 0 0 0 0 0 0 0 0 0 0 0 0 0 0 0 0 0 0 0 0 0 0 0 0 0 0 0 0 0 0 0 0 0 0 0 0 0 0 0 0 0 0 0 0 0 0 0 0 0 0 0 0 0 0 0 0 0 0 0 0 0 0 0 0 0 0 0 0 0 0 0 0 0 0 0 0 0 0 0 0 0 0 0 0 0 0 0 0 0 0 0 0 0 0 0 0 0 0 0 0 0 0 0 0 0 0 0 0 0 0 0 0 0 0 0 0 0 0 0 1571 0 0 0 0 0 0 0 0 0 0 0 0 0 0 0 0 0 0 0 0 0 0 0 1 0 0 0 2 0 681900 0 1727 669 8 671 71 67793 459 189 0 0 0 0 0 0 0 0 0 0 0 570132 360535 0 0 0 522 0 0 0 0 538901 0 0 0 207462 107101 0 0 0 0 0 0 0 0 0 0 0 0 0 0 0 0 0 0 0 0 0 0 0 0 0 0 0 0 0 0 0 0 0 0 0 0 0 0 0 0 0 0 0 0 0 0 0 33 0 33 0 0 0 0 0 0 0 0 0 0 0 0 0 958 679 0 0 2897491 0 0 6 0 7 0 0 0 0 0 0 0 0 0 7 7 0 0 0 0 0 0 0 43 0 0 0 0 0 0 0 0 0 0 0 0 0 0 0 97 20624 0 0 0 0 0 0 0 0 0 0 0 0 0 0 0 13907 139586 2 0 0 0 396523 0 106136 0 17126 98521 67881 1 0 23624 0 0 0 0 0 0 2 74293 106301 0 192229 0 0 0 0 0 0 0 0 0 557 251 142 0 0 0 0 0 0 0 69 68 16474 2628 337849
ctxt 59196357
btime 1783912548
processes 108455
procs_running 5
procs_blocked 0
softirq 10751409 74368 1831873 43 444188 3143611 0 135998 4305101 413 815814
18078 (sample.oda.qa) S 1085 1085 0 0 -1 4194624 175193 0 14534 0 3547 1593 0 0 10 -10 199 0 37715336 18082889728 225294 18446744073709551615 1 1 0 0 0 0 4612 1 1619039484 0 0 0 17 5 0 0 0 0 0 0 0 0 0 0 0 0 0
