cpu  429957 299013 729438 25533447 24564 164657 50468 0 0 0
cpu0 46795 50459 96047 3147266 2541 42498 13507 0 0 0
cpu1 51907 59014 105214 3146901 3074 23267 8886 0 0 0
cpu2 52103 58689 104270 3151336 3020 22425 7289 0 0 0
cpu3 49442 54389 97262 3163398 2351 27492 6867 0 0 0
cpu4 44538 11428 87538 3230349 1959 18882 5447 0 0 0
cpu5 44414 11734 84140 3235185 1886 18134 5295 0 0 0
cpu6 71121 26571 78726 3227175 4853 6076 1648 0 0 0
cpu7 69632 26727 76237 3231834 4876 5879 1525 0 0 0
intr 42249836 0 4024590 17762384 0 0 803636 264966 0 0 0 0 10103442 0 4948 2220694 0 0 0 1 0 22 0 0 0 70 159 0 13330 0 279 0 0 0 0 0 0 0 0 0 0 0 0 0 0 0 0 0 0 0 0 0 0 0 0 0 0 0 0 0 0 0 0 0 0 0 0 0 0 0 0 0 0 0 0 0 0 0 0 0 0 0 0 0 0 0 0 0 0 0 0 0 0 0 0 0 0 0 0 0 0 0 0 0 0 0 0 0 0 0 0 0 0 0 0 0 0 0 0 0 0 0 0 0 0 0 0 0 0 0 0 0 0 0 0 0 0 0 0 0 0 0 0 0 0 0 0 0 0 0 0 0 0 0 0 1571 0 0 0 0 0 0 0 0 0 0 0 0 0 0 0 0 0 0 0 0 0 0 0 1 0 0 0 2 0 681900 0 1727 669 8 671 71 67788 459 189 0 0 0 0 0 0 0 0 0 0 0 569952 360198 0 0 0 522 0 0 0 0 538378 0 0 0 207282 106922 0 0 0 0 0 0 0 0 0 0 0 0 0 0 0 0 0 0 0 0 0 0 0 0 0 0 0 0 0 0 0 0 0 0 0 0 0 0 0 0 0 0 0 0 0 0 0 33 0 33 0 0 0 0 0 0 0 0 0 0 0 0 0 958 679 0 0 2897462 0 0 6 0 7 0 0 0 0 0 0 0 0 0 7 7 0 0 0 0 0 0 0 43 0 0 0 0 0 0 0 0 0 0 0 0 0 0 0 97 20570 0 0 0 0 0 0 0 0 0 0 0 0 0 0 0 13907 139486 2 0 0 0 395986 0 106136 0 17125 98521 67881 1 0 23624 0 0 0 0 0 0 2 74283 106289 0 191856 0 0 0 0 0 0 0 0 0 557 251 142 0 0 0 0 0 0 0 69 68 16471 2628 337818
ctxt 59177436
btime 1783912548
processes 108427
procs_running 2
procs_blocked 0
softirq 10749497 74368 1831672 43 444169 3143586 0 135998 4303596 413 815652
18078 (evermore.oda.qa) S 1085 1085 0 0 -1 4194624 173444 0 14522 0 3471 1564 0 0 10 -10 199 0 37715336 18082758656 226244 18446744073709551615 1 1 0 0 0 0 4612 1 1619039484 0 0 0 17 5 0 0 0 0 0 0 0 0 0 0 0 0 0
