cpu  430791 299053 730261 25536884 24566 164909 50501 0 0 0
cpu0 46868 50460 96193 3147660 2541 42578 13515 0 0 0
cpu1 51993 59016 105316 3147341 3074 23299 8893 0 0 0
cpu2 52194 58689 104366 3151783 3020 22455 7294 0 0 0
cpu3 49524 54390 97365 3163850 2351 27523 6871 0 0 0
cpu4 44635 11428 87627 3230792 1959 18911 5451 0 0 0
cpu5 44499 11734 84234 3235637 1887 18163 5299 0 0 0
cpu6 71296 26575 78813 3227586 4853 6087 1649 0 0 0
cpu7 69779 26758 76346 3232231 4876 5889 1525 0 0 0
intr 42304209 0 4027081 17786220 0 0 804244 265788 0 0 0 0 10118783 0 4957 2222734 0 0 0 1 0 22 0 0 0 70 159 0 13333 0 279 0 0 0 0 0 0 0 0 0 0 0 0 0 0 0 0 0 0 0 0 0 0 0 0 0 0 0 0 0 0 0 0 0 0 0 0 0 0 0 0 0 0 0 0 0 0 0 0 0 0 0 0 0 0 0 0 0 0 0 0 0 0 0 0 0 0 0 0 0 0 0 0 0 0 0 0 0 0 0 0 0 0 0 0 0 0 0 0 0 0 0 0 0 0 0 0 0 0 0 0 0 0 0 0 0 0 0 0 0 0 0 0 0 0 0 0 0 0 0 0 0 0 0 0 1571 0 0 0 0 0 0 0 0 0 0 0 0 0 0 0 0 0 0 0 0 0 0 0 1 0 0 0 2 0 682120 0 1727 669 8 671 71 67803 459 189 0 0 0 0 0 0 0 0 0 0 0 570587 361381 0 0 0 522 0 0 0 0 540244 0 0 0 207916 107553 0 0 0 0 0 0 0 0 0 0 0 0 0 0 0 0 0 0 0 0 0 0 0 0 0 0 0 0 0 0 0 0 0 0 0 0 0 0 0 0 0 0 0 0 0 0 0 33 0 33 0 0 0 0 0 0 0 0 0 0 0 0 0 958 679 0 0 2897536 0 0 6 0 7 0 0 0 0 0 0 0 0 0 7 7 0 0 0 0 0 0 0 43 0 0 0 0 0 0 0 0 0 0 0 0 0 0 0 97 20768 0 0 0 0 0 0 0 0 0 0 0 0 0 0 0 13907 139838 2 0 0 0 397887 0 106136 0 17130 98521 67881 1 0 23624 0 0 0 0 0 0 2 74304 106316 0 193174 0 0 0 0 0 0 0 0 0 557 251 142 0 0 0 0 0 0 0 69 68 16480 2628 337952
ctxt 59245575
btime 1783912548
processes 108531
procs_running 5
procs_blocked 0
softirq 10756523 74368 1832390 43 444279 3143644 0 136001 4309026 413 816359
18078 (sample.oda.qa) S 1085 1085 0 0 -1 4194624 179599 0 14583 0 3740 1670 0 0 10 -10 194 0 37715336 17974448128 226226 18446744073709551615 1 1 0 0 0 0 4612 1 1619039484 0 0 0 17 1 0 0 0 0 0 0 0 0 0 0 0 0 0
