cpu  431514 299078 731098 25540332 24570 165142 50532 0 0 0
cpu0 46928 50460 96346 3148058 2541 42653 13522 0 0 0
cpu1 52046 59020 105429 3147781 3075 23329 8900 0 0 0
cpu2 52254 58691 104473 3152228 3021 22483 7299 0 0 0
cpu3 49587 54391 97464 3164305 2352 27550 6875 0 0 0
cpu4 44715 11430 87703 3231252 1959 18938 5455 0 0 0
cpu5 44578 11737 84326 3236091 1887 18189 5302 0 0 0
cpu6 71458 26587 78910 3227979 4855 6097 1650 0 0 0
cpu7 69944 26760 76444 3232635 4876 5900 1526 0 0 0
intr 42358808 0 4029869 17810108 0 0 804935 266583 0 0 0 0 10133998 0 4963 2224626 0 0 0 1 0 22 0 0 0 70 159 0 13344 0 279 0 0 0 0 0 0 0 0 0 0 0 0 0 0 0 0 0 0 0 0 0 0 0 0 0 0 0 0 0 0 0 0 0 0 0 0 0 0 0 0 0 0 0 0 0 0 0 0 0 0 0 0 0 0 0 0 0 0 0 0 0 0 0 0 0 0 0 0 0 0 0 0 0 0 0 0 0 0 0 0 0 0 0 0 0 0 0 0 0 0 0 0 0 0 0 0 0 0 0 0 0 0 0 0 0 0 0 0 0 0 0 0 0 0 0 0 0 0 0 0 0 0 0 0 1571 0 0 0 0 0 0 0 0 0 0 0 0 0 0 0 0 0 0 0 0 0 0 0 1 0 0 0 2 0 682284 0 1727 669 8 671 71 67858 459 189 0 0 0 0 0 0 0 0 0 0 0 571223 362558 0 0 0 522 0 0 0 0 542099 0 0 0 208545 108232 0 0 0 0 0 0 0 0 0 0 0 0 0 0 0 0 0 0 0 0 0 0 0 0 0 0 0 0 0 0 0 0 0 0 0 0 0 0 0 0 0 0 0 0 0 0 0 33 0 33 0 0 0 0 0 0 0 0 0 0 0 0 0 958 679 0 0 2897698 0 0 6 0 7 0 0 0 0 0 0 0 0 0 7 7 0 0 0 0 0 0 0 43 0 0 0 0 0 0 0 0 0 0 0 0 0 0 0 97 20986 0 0 0 0 0 0 0 0 0 0 0 0 0 0 0 13907 140188 2 0 0 0 399743 0 106141 0 17136 98521 67881 1 0 23624 0 0 0 0 0 0 2 74317 106331 0 194484 0 0 0 0 0 0 0 0 0 557 251 142 0 0 0 0 0 0 0 69 68 16491 2628 338124
ctxt 59314963
btime 1783912548
processes 108639
procs_running 2
procs_blocked 0
softirq 10763553 74368 1833176 43 444384 3143799 0 136021 4314190 413 817159
18078 (sample.oda.qa) S 1085 1085 0 0 -1 4194624 186372 0 15007 0 4021 1769 0 0 10 -10 192 0 37715336 17932349440 225186 18446744073709551615 1 1 0 0 0 0 4612 1 1619039484 0 0 0 17 6 0 0 0 0 0 0 0 0 0 0 0 0 0
