cpu  432010 299110 731653 25542877 24571 165307 50554 0 0 0
cpu0 46973 50461 96451 3148349 2541 42706 13527 0 0 0
cpu1 52084 59021 105498 3148107 3075 23350 8904 0 0 0
cpu2 52296 58693 104539 3152559 3021 22503 7302 0 0 0
cpu3 49627 54393 97533 3164638 2352 27570 6878 0 0 0
cpu4 44757 11431 87768 3231588 1959 18957 5457 0 0 0
cpu5 44635 11737 84380 3236429 1887 18208 5305 0 0 0
cpu6 71587 26587 78964 3228284 4855 6104 1650 0 0 0
cpu7 70048 26785 76518 3232919 4877 5907 1527 0 0 0
intr 42396423 0 4031595 17826585 0 0 805431 267126 0 0 0 0 10144639 0 4969 2226045 0 0 0 1 0 22 0 0 0 70 159 0 13360 0 279 0 0 0 0 0 0 0 0 0 0 0 0 0 0 0 0 0 0 0 0 0 0 0 0 0 0 0 0 0 0 0 0 0 0 0 0 0 0 0 0 0 0 0 0 0 0 0 0 0 0 0 0 0 0 0 0 0 0 0 0 0 0 0 0 0 0 0 0 0 0 0 0 0 0 0 0 0 0 0 0 0 0 0 0 0 0 0 0 0 0 0 0 0 0 0 0 0 0 0 0 0 0 0 0 0 0 0 0 0 0 0 0 0 0 0 0 0 0 0 0 0 0 0 0 1571 0 0 0 0 0 0 0 0 0 0 0 0 0 0 0 0 0 0 0 0 0 0 0 1 0 0 0 2 0 682284 0 1727 669 8 671 71 67938 459 189 0 0 0 0 0 0 0 0 0 0 0 571674 363399 0 0 0 522 0 0 0 0 543414 0 0 0 208997 108659 0 0 0 0 0 0 0 0 0 0 0 0 0 0 0 0 0 0 0 0 0 0 0 0 0 0 0 0 0 0 0 0 0 0 0 0 0 0 0 0 0 0 0 0 0 0 0 33 0 33 0 0 0 0 0 0 0 0 0 0 0 0 0 958 679 0 0 2897778 0 0 6 0 7 0 0 0 0 0 0 0 0 0 7 7 0 0 0 0 0 0 0 43 0 0 0 0 0 0 0 0 0 0 0 0 0 0 0 97 21126 0 0 0 0 0 0 0 0 0 0 0 0 0 0 0 13907 140438 2 0 0 0 400920 0 106141 0 17141 98521 67881 1 0 23624 0 0 0 0 0 0 2 74328 106346 0 195422 0 0 0 0 0 0 0 0 0 557 251 142 0 0 0 0 0 0 0 69 68 16499 2628 338231
ctxt 59362255
btime 1783912548
processes 108718
procs_running 6
procs_blocked 0
softirq 10768340 74368 1833704 43 444442 3143888 0 136030 4317763 413 817689
18078 (evermore.oda.qa) S 1085 1085 0 0 -1 4194624 191019 0 15199 0 4220 1827 0 0 10 -10 192 0 37715336 17932349440 223146 18446744073709551615 1 1 0 0 0 0 4612 1 1619039484 0 0 0 17 6 0 0 0 0 0 0 0 0 0 0 0 0 0
