cpu  431608 299102 731213 25540822 24570 165176 50536 0 0 0
cpu0 46936 50460 96369 3148115 2541 42664 13523 0 0 0
cpu1 52052 59020 105441 3147845 3075 23333 8901 0 0 0
cpu2 52262 58692 104485 3152296 3021 22488 7300 0 0 0
cpu3 49593 54391 97478 3164371 2352 27554 6875 0 0 0
cpu4 44725 11430 87718 3231319 1959 18942 5455 0 0 0
cpu5 44587 11737 84337 3236160 1887 18193 5303 0 0 0
cpu6 71488 26587 78921 3228036 4855 6098 1650 0 0 0
cpu7 69962 26783 76461 3232677 4876 5902 1526 0 0 0
intr 42366700 0 4030257 17813507 0 0 805036 266694 0 0 0 0 10136254 0 4965 2224911 0 0 0 1 0 22 0 0 0 70 159 0 13359 0 279 0 0 0 0 0 0 0 0 0 0 0 0 0 0 0 0 0 0 0 0 0 0 0 0 0 0 0 0 0 0 0 0 0 0 0 0 0 0 0 0 0 0 0 0 0 0 0 0 0 0 0 0 0 0 0 0 0 0 0 0 0 0 0 0 0 0 0 0 0 0 0 0 0 0 0 0 0 0 0 0 0 0 0 0 0 0 0 0 0 0 0 0 0 0 0 0 0 0 0 0 0 0 0 0 0 0 0 0 0 0 0 0 0 0 0 0 0 0 0 0 0 0 0 0 1571 0 0 0 0 0 0 0 0 0 0 0 0 0 0 0 0 0 0 0 0 0 0 0 1 0 0 0 2 0 682284 0 1727 669 8 671 71 67933 459 189 0 0 0 0 0 0 0 0 0 0 0 571314 362724 0 0 0 522 0 0 0 0 542363 0 0 0 208636 108325 0 0 0 0 0 0 0 0 0 0 0 0 0 0 0 0 0 0 0 0 0 0 0 0 0 0 0 0 0 0 0 0 0 0 0 0 0 0 0 0 0 0 0 0 0 0 0 33 0 33 0 0 0 0 0 0 0 0 0 0 0 0 0 958 679 0 0 2897708 0 0 6 0 7 0 0 0 0 0 0 0 0 0 7 7 0 0 0 0 0 0 0 43 0 0 0 0 0 0 0 0 0 0 0 0 0 0 0 97 21041 0 0 0 0 0 0 0 0 0 0 0 0 0 0 0 13907 140238 2 0 0 0 399982 0 106141 0 17137 98521 67881 1 0 23624 0 0 0 0 0 0 2 74317 106331 0 194671 0 0 0 0 0 0 0 0 0 557 251 142 0 0 0 0 0 0 0 69 68 16494 2628 338134
ctxt 59325097
btime 1783912548
processes 108655
procs_running 5
procs_blocked 0
softirq 10764478 74368 1833289 43 444388 3143805 0 136021 4314915 413 817236
18078 (evermore.oda.qa) S 1085 1085 0 0 -1 4194624 187225 0 15013 0 4057 1778 0 0 10 -10 192 0 37715336 17932349440 222344 18446744073709551615 1 1 0 0 0 0 4612 1 1619039484 0 0 0 17 7 0 0 0 0 0 0 0 0 0 0 0 0 0
