cpu  430685 299017 730134 25536422 24565 164875 50496 0 0 0
cpu0 46857 50460 96173 3147601 2541 42567 13514 0 0 0
cpu1 51983 59015 105299 3147279 3074 23294 8892 0 0 0
cpu2 52185 58689 104348 3151719 3020 22451 7293 0 0 0
cpu3 49511 54390 97353 3163785 2351 27519 6870 0 0 0
cpu4 44624 11428 87614 3230729 1959 18907 5450 0 0 0
cpu5 44484 11734 84222 3235573 1886 18160 5298 0 0 0
cpu6 71276 26572 78799 3227527 4853 6085 1649 0 0 0
cpu7 69762 26727 76323 3232204 4876 5888 1525 0 0 0
intr 42296228 0 4026625 17782798 0 0 804155 265658 0 0 0 0 10116520 0 4955 2222474 0 0 0 1 0 22 0 0 0 70 159 0 13333 0 279 0 0 0 0 0 0 0 0 0 0 0 0 0 0 0 0 0 0 0 0 0 0 0 0 0 0 0 0 0 0 0 0 0 0 0 0 0 0 0 0 0 0 0 0 0 0 0 0 0 0 0 0 0 0 0 0 0 0 0 0 0 0 0 0 0 0 0 0 0 0 0 0 0 0 0 0 0 0 0 0 0 0 0 0 0 0 0 0 0 0 0 0 0 0 0 0 0 0 0 0 0 0 0 0 0 0 0 0 0 0 0 0 0 0 0 0 0 0 0 0 0 0 0 0 1571 0 0 0 0 0 0 0 0 0 0 0 0 0 0 0 0 0 0 0 0 0 0 0 1 0 0 0 2 0 682120 0 1727 669 8 671 71 67803 459 189 0 0 0 0 0 0 0 0 0 0 0 570496 361209 0 0 0 522 0 0 0 0 539979 0 0 0 207826 107449 0 0 0 0 0 0 0 0 0 0 0 0 0 0 0 0 0 0 0 0 0 0 0 0 0 0 0 0 0 0 0 0 0 0 0 0 0 0 0 0 0 0 0 0 0 0 0 33 0 33 0 0 0 0 0 0 0 0 0 0 0 0 0 958 679 0 0 2897512 0 0 6 0 7 0 0 0 0 0 0 0 0 0 7 7 0 0 0 0 0 0 0 43 0 0 0 0 0 0 0 0 0 0 0 0 0 0 0 97 20708 0 0 0 0 0 0 0 0 0 0 0 0 0 0 0 13907 139788 2 0 0 0 397619 0 106136 0 17130 98521 67881 1 0 23624 0 0 0 0 0 0 2 74293 106301 0 192986 0 0 0 0 0 0 0 0 0 557 251 142 0 0 0 0 0 0 0 69 68 16480 2628 337931
ctxt 59235311
btime 1783912548
processes 108511
procs_running 2
procs_blocked 0
softirq 10755485 74368 1832287 43 444260 3143623 0 136000 4308265 413 816226
18078 (sample.oda.qa) S 1085 1085 0 0 -1 4194624 178700 0 14571 0 3708 1657 0 0 10 -10 193 0 37715336 17956593664 226172 18446744073709551615 1 1 0 0 0 0 4612 1 1619039484 0 0 0 17 1 0 0 0 0 0 0 0 0 0 0 0 0 0
