cpu  431898 299105 731530 25542407 24570 165273 50549 0 0 0
cpu0 46963 50460 96430 3148296 2541 42695 13526 0 0 0
cpu1 52074 59020 105480 3148050 3075 23345 8903 0 0 0
cpu2 52287 58692 104522 3152499 3021 22499 7302 0 0 0
cpu3 49616 54393 97518 3164576 2352 27566 6877 0 0 0
cpu4 44749 11430 87753 3231527 1959 18953 5456 0 0 0
cpu5 44623 11737 84367 3236367 1887 18204 5304 0 0 0
cpu6 71560 26587 78950 3228226 4855 6102 1650 0 0 0
cpu7 70023 26783 76507 3232862 4876 5906 1527 0 0 0
intr 42388548 0 4031111 17823051 0 0 805348 267020 0 0 0 0 10142500 0 4968 2225807 0 0 0 1 0 22 0 0 0 70 159 0 13360 0 279 0 0 0 0 0 0 0 0 0 0 0 0 0 0 0 0 0 0 0 0 0 0 0 0 0 0 0 0 0 0 0 0 0 0 0 0 0 0 0 0 0 0 0 0 0 0 0 0 0 0 0 0 0 0 0 0 0 0 0 0 0 0 0 0 0 0 0 0 0 0 0 0 0 0 0 0 0 0 0 0 0 0 0 0 0 0 0 0 0 0 0 0 0 0 0 0 0 0 0 0 0 0 0 0 0 0 0 0 0 0 0 0 0 0 0 0 0 0 0 0 0 0 0 0 1571 0 0 0 0 0 0 0 0 0 0 0 0 0 0 0 0 0 0 0 0 0 0 0 1 0 0 0 2 0 682284 0 1727 669 8 671 71 67938 459 189 0 0 0 0 0 0 0 0 0 0 0 571586 363226 0 0 0 522 0 0 0 0 543157 0 0 0 208908 108577 0 0 0 0 0 0 0 0 0 0 0 0 0 0 0 0 0 0 0 0 0 0 0 0 0 0 0 0 0 0 0 0 0 0 0 0 0 0 0 0 0 0 0 0 0 0 0 33 0 33 0 0 0 0 0 0 0 0 0 0 0 0 0 958 679 0 0 2897717 0 0 6 0 7 0 0 0 0 0 0 0 0 0 7 7 0 0 0 0 0 0 0 43 0 0 0 0 0 0 0 0 0 0 0 0 0 0 0 97 21094 0 0 0 0 0 0 0 0 0 0 0 0 0 0 0 13907 140388 2 0 0 0 400683 0 106141 0 17139 98521 67881 1 0 23624 0 0 0 0 0 0 2 74328 106346 0 195237 0 0 0 0 0 0 0 0 0 557 251 142 0 0 0 0 0 0 0 69 68 16496 2628 338194
ctxt 59352193
btime 1783912548
processes 108697
procs_running 3
procs_blocked 0
softirq 10767266 74368 1833595 43 444423 3143812 0 136022 4317025 413 817565
18078 (evermore.oda.qa) S 1085 1085 0 0 -1 4194624 189883 0 15066 0 4171 1813 0 0 10 -10 191 0 37715336 17911300096 224389 18446744073709551615 1 1 0 0 0 0 4612 1 1619039484 0 0 0 17 5 0 0 0 0 0 0 0 0 0 0 0 0 0
