cpu  431303 299074 730883 25539320 24568 165081 50524 0 0 0
cpu0 46910 50460 96292 3147950 2541 42633 13520 0 0 0
cpu1 52032 59019 105405 3147649 3075 23321 8898 0 0 0
cpu2 52237 58691 104448 3152090 3021 22476 7298 0 0 0
cpu3 49568 54391 97444 3164167 2352 27544 6874 0 0 0
cpu4 44694 11429 87684 3231117 1959 18931 5454 0 0 0
cpu5 44556 11736 84301 3235958 1887 18183 5301 0 0 0
cpu6 71402 26587 78885 3227876 4854 6094 1650 0 0 0
cpu7 69901 26759 76422 3232510 4876 5897 1526 0 0 0
intr 42342696 0 4029038 17802986 0 0 804735 266351 0 0 0 0 10129638 0 4961 2224091 0 0 0 1 0 22 0 0 0 70 159 0 13336 0 279 0 0 0 0 0 0 0 0 0 0 0 0 0 0 0 0 0 0 0 0 0 0 0 0 0 0 0 0 0 0 0 0 0 0 0 0 0 0 0 0 0 0 0 0 0 0 0 0 0 0 0 0 0 0 0 0 0 0 0 0 0 0 0 0 0 0 0 0 0 0 0 0 0 0 0 0 0 0 0 0 0 0 0 0 0 0 0 0 0 0 0 0 0 0 0 0 0 0 0 0 0 0 0 0 0 0 0 0 0 0 0 0 0 0 0 0 0 0 0 0 0 0 0 0 1571 0 0 0 0 0 0 0 0 0 0 0 0 0 0 0 0 0 0 0 0 0 0 0 1 0 0 0 2 0 682120 0 1727 669 8 671 71 67818 459 189 0 0 0 0 0 0 0 0 0 0 0 571041 362217 0 0 0 522 0 0 0 0 541566 0 0 0 208366 108042 0 0 0 0 0 0 0 0 0 0 0 0 0 0 0 0 0 0 0 0 0 0 0 0 0 0 0 0 0 0 0 0 0 0 0 0 0 0 0 0 0 0 0 0 0 0 0 33 0 33 0 0 0 0 0 0 0 0 0 0 0 0 0 958 679 0 0 2897638 0 0 6 0 7 0 0 0 0 0 0 0 0 0 7 7 0 0 0 0 0 0 0 43 0 0 0 0 0 0 0 0 0 0 0 0 0 0 0 97 20920 0 0 0 0 0 0 0 0 0 0 0 0 0 0 0 13907 140088 2 0 0 0 399238 0 106136 0 17134 98521 67881 1 0 23624 0 0 0 0 0 0 2 74317 106331 0 194111 0 0 0 0 0 0 0 0 0 557 251 142 0 0 0 0 0 0 0 69 68 16488 2628 338045
ctxt 59294089
btime 1783912548
processes 108605
procs_running 2
procs_blocked 0
softirq 10761506 74368 1832926 43 444336 3143735 0 136003 4312801 413 816881
18078 (evermore.oda.qa) S 1085 1085 0 0 -1 4194624 183968 0 14651 0 3936 1744 0 0 10 -10 191 0 37715336 17911300096 224053 18446744073709551615 1 1 0 0 0 0 4612 1 1619039484 0 0 0 17 5 0 0 0 0 0 0 0 0 0 0 0 0 0
