cpu  428098 298942 727546 25525259 24555 164075 50379 0 0 0
cpu0 46654 50458 95725 3146310 2541 42315 13487 0 0 0
cpu1 51704 59008 104999 3145861 3072 23198 8868 0 0 0
cpu2 51928 58686 104000 3150314 3019 22355 7274 0 0 0
cpu3 49248 54385 97003 3162366 2350 27414 6856 0 0 0
cpu4 44315 11426 87321 3229292 1958 18815 5436 0 0 0
cpu5 44188 11731 83932 3234138 1886 18070 5284 0 0 0
cpu6 70758 26568 78534 3226144 4852 6051 1646 0 0 0
cpu7 69300 26678 76029 3230831 4875 5854 1523 0 0 0
intr 42109700 0 4018921 17704031 0 0 802239 263067 0 0 0 0 10059431 0 4934 2216234 0 0 0 1 0 22 0 0 0 70 159 0 13316 0 279 0 0 0 0 0 0 0 0 0 0 0 0 0 0 0 0 0 0 0 0 0 0 0 0 0 0 0 0 0 0 0 0 0 0 0 0 0 0 0 0 0 0 0 0 0 0 0 0 0 0 0 0 0 0 0 0 0 0 0 0 0 0 0 0 0 0 0 0 0 0 0 0 0 0 0 0 0 0 0 0 0 0 0 0 0 0 0 0 0 0 0 0 0 0 0 0 0 0 0 0 0 0 0 0 0 0 0 0 0 0 0 0 0 0 0 0 0 0 0 0 0 0 0 0 1571 0 0 0 0 0 0 0 0 0 0 0 0 0 0 0 0 0 0 0 0 0 0 0 1 0 0 0 2 0 681697 0 1727 669 8 671 71 67718 459 189 0 0 0 0 0 0 0 0 0 0 0 568471 357460 0 0 0 522 0 0 0 0 534042 0 0 0 205801 105767 0 0 0 0 0 0 0 0 0 0 0 0 0 0 0 0 0 0 0 0 0 0 0 0 0 0 0 0 0 0 0 0 0 0 0 0 0 0 0 0 0 0 0 0 0 0 0 33 0 33 0 0 0 0 0 0 0 0 0 0 0 0 0 958 679 0 0 2893680 0 0 6 0 7 0 0 0 0 0 0 0 0 0 7 7 0 0 0 0 0 0 0 43 0 0 0 0 0 0 0 0 0 0 0 0 0 0 0 97 20220 0 0 0 0 0 0 0 0 0 0 0 0 0 0 0 13907 138665 2 0 0 0 391581 0 106131 0 17112 98521 67881 1 0 23623 0 0 0 0 0 0 2 74251 106246 0 188774 0 0 0 0 0 0 0 0 0 557 251 142 0 0 0 0 0 0 0 69 68 16446 2628 337523
ctxt 59016833
btime 1783912548
processes 108232
procs_running 11
procs_blocked 0
softirq 10730478 74368 1829887 43 443985 3141028 0 135990 4290881 413 813883
