cpu  429030 298981 728470 25529560 24560 164373 50428 0 0 0
cpu0 46730 50458 95881 3146815 2541 42407 13497 0 0 0
cpu1 51806 59012 105105 3146399 3073 23233 8878 0 0 0
cpu2 52020 58688 104124 3150853 3019 22391 7283 0 0 0
cpu3 49355 54388 97136 3162895 2350 27456 6862 0 0 0
cpu4 44432 11427 87432 3229839 1959 18849 5443 0 0 0
cpu5 44293 11732 84043 3234684 1886 18102 5291 0 0 0
cpu6 70932 26570 78621 3226700 4852 6064 1647 0 0 0
cpu7 69458 26703 76124 3231371 4876 5867 1524 0 0 0
intr 42187702 0 4021664 17735185 0 0 802897 264026 0 0 0 0 10085947 0 4940 2218450 0 0 0 1 0 22 0 0 0 70 159 0 13326 0 279 0 0 0 0 0 0 0 0 0 0 0 0 0 0 0 0 0 0 0 0 0 0 0 0 0 0 0 0 0 0 0 0 0 0 0 0 0 0 0 0 0 0 0 0 0 0 0 0 0 0 0 0 0 0 0 0 0 0 0 0 0 0 0 0 0 0 0 0 0 0 0 0 0 0 0 0 0 0 0 0 0 0 0 0 0 0 0 0 0 0 0 0 0 0 0 0 0 0 0 0 0 0 0 0 0 0 0 0 0 0 0 0 0 0 0 0 0 0 0 0 0 0 0 0 1571 0 0 0 0 0 0 0 0 0 0 0 0 0 0 0 0 0 0 0 0 0 0 0 1 0 0 0 2 0 681736 0 1727 669 8 671 71 67768 459 189 0 0 0 0 0 0 0 0 0 0 0 569233 358864 0 0 0 522 0 0 0 0 536273 0 0 0 206563 106201 0 0 0 0 0 0 0 0 0 0 0 0 0 0 0 0 0 0 0 0 0 0 0 0 0 0 0 0 0 0 0 0 0 0 0 0 0 0 0 0 0 0 0 0 0 0 0 33 0 33 0 0 0 0 0 0 0 0 0 0 0 0 0 958 679 0 0 2897128 0 0 6 0 7 0 0 0 0 0 0 0 0 0 7 7 0 0 0 0 0 0 0 43 0 0 0 0 0 0 0 0 0 0 0 0 0 0 0 97 20368 0 0 0 0 0 0 0 0 0 0 0 0 0 0 0 13907 139087 2 0 0 0 393819 0 106136 0 17119 98521 67881 1 0 23624 0 0 0 0 0 0 2 74273 106273 0 190358 0 0 0 0 0 0 0 0 0 557 251 142 0 0 0 0 0 0 0 69 68 16457 2628 337668
ctxt 59099907
btime 1783912548
processes 108313
procs_running 2
procs_blocked 0
softirq 10740983 74368 1830790 43 444081 3143269 0 135992 4297300 413 814727
18078 (evermore.oda.qa) S 1085 1085 0 0 -1 4194624 166422 0 14433 0 3155 1443 0 0 10 -10 199 0 37715336 18082758656 225198 18446744073709551615 1 1 0 0 0 0 4612 1 1619039484 0 0 0 17 5 0 0 0 0 0 0 0 0 0 0 0 0 0
