cpu  428910 298978 728345 25529067 24559 164336 50423 0 0 0
cpu0 46719 50458 95859 3146758 2541 42396 13496 0 0 0
cpu1 51792 59011 105094 3146339 3073 23229 8877 0 0 0
cpu2 52012 58687 104105 3150791 3019 22386 7282 0 0 0
cpu3 49341 54387 97120 3162833 2350 27452 6861 0 0 0
cpu4 44415 11426 87419 3229775 1958 18844 5442 0 0 0
cpu5 44281 11732 84027 3234619 1886 18098 5291 0 0 0
cpu6 70912 26570 78609 3226635 4852 6062 1647 0 0 0
cpu7 69435 26703 76109 3231313 4876 5865 1524 0 0 0
intr 42179751 0 4021308 17731637 0 0 802821 263906 0 0 0 0 10083745 0 4939 2218182 0 0 0 1 0 22 0 0 0 70 159 0 13325 0 279 0 0 0 0 0 0 0 0 0 0 0 0 0 0 0 0 0 0 0 0 0 0 0 0 0 0 0 0 0 0 0 0 0 0 0 0 0 0 0 0 0 0 0 0 0 0 0 0 0 0 0 0 0 0 0 0 0 0 0 0 0 0 0 0 0 0 0 0 0 0 0 0 0 0 0 0 0 0 0 0 0 0 0 0 0 0 0 0 0 0 0 0 0 0 0 0 0 0 0 0 0 0 0 0 0 0 0 0 0 0 0 0 0 0 0 0 0 0 0 0 0 0 0 0 1571 0 0 0 0 0 0 0 0 0 0 0 0 0 0 0 0 0 0 0 0 0 0 0 1 0 0 0 2 0 681736 0 1727 669 8 671 71 67763 459 189 0 0 0 0 0 0 0 0 0 0 0 569141 358694 0 0 0 522 0 0 0 0 536001 0 0 0 206471 106124 0 0 0 0 0 0 0 0 0 0 0 0 0 0 0 0 0 0 0 0 0 0 0 0 0 0 0 0 0 0 0 0 0 0 0 0 0 0 0 0 0 0 0 0 0 0 0 33 0 33 0 0 0 0 0 0 0 0 0 0 0 0 0 958 679 0 0 2897037 0 0 6 0 7 0 0 0 0 0 0 0 0 0 7 7 0 0 0 0 0 0 0 43 0 0 0 0 0 0 0 0 0 0 0 0 0 0 0 97 20348 0 0 0 0 0 0 0 0 0 0 0 0 0 0 0 13907 139037 2 0 0 0 393540 0 106136 0 17118 98521 67881 1 0 23624 0 0 0 0 0 0 2 74262 106260 0 190168 0 0 0 0 0 0 0 0 0 557 251 142 0 0 0 0 0 0 0 69 68 16457 2628 337652
ctxt 59090074
btime 1783912548
processes 108299
procs_running 4
procs_blocked 0
softirq 10739840 74368 1830679 43 444074 3143182 0 135992 4296495 413 814594
18078 (evermore.oda.qa) S 1085 1085 0 0 -1 4194624 165550 0 14423 0 3113 1430 0 0 10 -10 199 0 37715336 18082758656 225688 18446744073709551615 1 1 0 0 0 0 4612 1 1619039484 0 0 0 17 4 0 0 0 0 0 0 0 0 0 0 0 0 0
