cpu  430318 299014 729779 25534926 24565 164765 50482 0 0 0
cpu0 46827 50459 96105 3147432 2541 42532 13510 0 0 0
cpu1 51945 59014 105254 3147089 3074 23281 8889 0 0 0
cpu2 52147 58689 104307 3151526 3020 22438 7291 0 0 0
cpu3 49473 54389 97310 3163590 2351 27506 6869 0 0 0
cpu4 44580 11428 87574 3230538 1959 18895 5449 0 0 0
cpu5 44447 11734 84182 3235378 1886 18147 5297 0 0 0
cpu6 71200 26572 78763 3227346 4853 6081 1649 0 0 0
cpu7 69695 26727 76281 3232022 4876 5884 1525 0 0 0
intr 42272980 0 4025593 17772593 0 0 803887 265308 0 0 0 0 10109863 0 4951 2221583 0 0 0 1 0 22 0 0 0 70 159 0 13331 0 279 0 0 0 0 0 0 0 0 0 0 0 0 0 0 0 0 0 0 0 0 0 0 0 0 0 0 0 0 0 0 0 0 0 0 0 0 0 0 0 0 0 0 0 0 0 0 0 0 0 0 0 0 0 0 0 0 0 0 0 0 0 0 0 0 0 0 0 0 0 0 0 0 0 0 0 0 0 0 0 0 0 0 0 0 0 0 0 0 0 0 0 0 0 0 0 0 0 0 0 0 0 0 0 0 0 0 0 0 0 0 0 0 0 0 0 0 0 0 0 0 0 0 0 0 1571 0 0 0 0 0 0 0 0 0 0 0 0 0 0 0 0 0 0 0 0 0 0 0 1 0 0 0 2 0 682107 0 1727 669 8 671 71 67793 459 189 0 0 0 0 0 0 0 0 0 0 0 570222 360705 0 0 0 522 0 0 0 0 539168 0 0 0 207552 107191 0 0 0 0 0 0 0 0 0 0 0 0 0 0 0 0 0 0 0 0 0 0 0 0 0 0 0 0 0 0 0 0 0 0 0 0 0 0 0 0 0 0 0 0 0 0 0 33 0 33 0 0 0 0 0 0 0 0 0 0 0 0 0 958 679 0 0 2897497 0 0 6 0 7 0 0 0 0 0 0 0 0 0 7 7 0 0 0 0 0 0 0 43 0 0 0 0 0 0 0 0 0 0 0 0 0 0 0 97 20646 0 0 0 0 0 0 0 0 0 0 0 0 0 0 0 13907 139636 2 0 0 0 396794 0 106136 0 17127 98521 67881 1 0 23624 0 0 0 0 0 0 2 74293 106301 0 192417 0 0 0 0 0 0 0 0 0 557 251 142 0 0 0 0 0 0 0 69 68 16474 2628 337868
ctxt 59206465
btime 1783912548
processes 108469
procs_running 2
procs_blocked 0
softirq 10752449 74368 1831973 43 444198 3143615 0 135998 4305886 413 815955
18078 (sample.oda.qa) S 1085 1085 0 0 -1 4194624 176080 0 14548 0 3587 1608 0 0 10 -10 193 0 37715336 17956593664 225699 18446744073709551615 1 1 0 0 0 0 4612 1 1619039484 0 0 0 17 5 0 0 0 0 0 0 0 0 0 0 0 0 0
