cpu  431404 299076 730985 25539812 24569 165110 50528 0 0 0
cpu0 46919 50460 96310 3148007 2541 42642 13521 0 0 0
cpu1 52040 59019 105417 3147712 3075 23325 8899 0 0 0
cpu2 52244 58691 104460 3152157 3021 22479 7299 0 0 0
cpu3 49576 54391 97455 3164235 2352 27546 6874 0 0 0
cpu4 44705 11429 87694 3231182 1959 18934 5454 0 0 0
cpu5 44564 11736 84315 3236020 1887 18186 5302 0 0 0
cpu6 71433 26587 78897 3227923 4855 6095 1650 0 0 0
cpu7 69920 26760 76434 3232571 4876 5899 1526 0 0 0
intr 42350573 0 4029459 17806477 0 0 804837 266459 0 0 0 0 10131801 0 4963 2224343 0 0 0 1 0 22 0 0 0 70 159 0 13344 0 279 0 0 0 0 0 0 0 0 0 0 0 0 0 0 0 0 0 0 0 0 0 0 0 0 0 0 0 0 0 0 0 0 0 0 0 0 0 0 0 0 0 0 0 0 0 0 0 0 0 0 0 0 0 0 0 0 0 0 0 0 0 0 0 0 0 0 0 0 0 0 0 0 0 0 0 0 0 0 0 0 0 0 0 0 0 0 0 0 0 0 0 0 0 0 0 0 0 0 0 0 0 0 0 0 0 0 0 0 0 0 0 0 0 0 0 0 0 0 0 0 0 0 0 0 1571 0 0 0 0 0 0 0 0 0 0 0 0 0 0 0 0 0 0 0 0 0 0 0 1 0 0 0 2 0 682120 0 1727 669 8 671 71 67858 459 189 0 0 0 0 0 0 0 0 0 0 0 571131 362384 0 0 0 522 0 0 0 0 541825 0 0 0 208453 108129 0 0 0 0 0 0 0 0 0 0 0 0 0 0 0 0 0 0 0 0 0 0 0 0 0 0 0 0 0 0 0 0 0 0 0 0 0 0 0 0 0 0 0 0 0 0 0 33 0 33 0 0 0 0 0 0 0 0 0 0 0 0 0 958 679 0 0 2897674 0 0 6 0 7 0 0 0 0 0 0 0 0 0 7 7 0 0 0 0 0 0 0 43 0 0 0 0 0 0 0 0 0 0 0 0 0 0 0 97 20962 0 0 0 0 0 0 0 0 0 0 0 0 0 0 0 13907 140136 2 0 0 0 399492 0 106141 0 17135 98521 67881 1 0 23624 0 0 0 0 0 0 2 74317 106331 0 194291 0 0 0 0 0 0 0 0 0 557 251 142 0 0 0 0 0 0 0 69 68 16491 2628 338076
ctxt 59304356
btime 1783912548
processes 108623
procs_running 2
procs_blocked 0
softirq 10762511 74368 1833047 43 444358 3143773 0 136008 4313473 413 817028
18078 (evermore.oda.qa) S 1085 1085 0 0 -1 4194624 185486 0 14971 0 3979 1757 0 0 10 -10 190 0 37715336 17890250752 224802 18446744073709551615 1 1 0 0 0 0 4612 1 1619039484 0 0 0 17 6 0 0 0 0 0 0 0 0 0 0 0 0 0
