cpu  429376 298985 728846 25531013 24562 164477 50442 0 0 0
cpu0 46755 50459 95942 3146983 2541 42441 13501 0 0 0
cpu1 51848 59012 105151 3146584 3073 23246 8881 0 0 0
cpu2 52051 58689 104188 3151022 3019 22403 7285 0 0 0
cpu3 49383 54388 97186 3163087 2351 27469 6863 0 0 0
cpu4 44471 11427 87470 3230030 1959 18861 5444 0 0 0
cpu5 44339 11733 84077 3234874 1886 18114 5293 0 0 0
cpu6 71005 26570 78665 3226870 4853 6068 1648 0 0 0
cpu7 69519 26704 76164 3231560 4876 5872 1524 0 0 0
intr 42210993 0 4022828 17745293 0 0 803184 264364 0 0 0 0 10092474 0 4943 2219323 0 0 0 1 0 22 0 0 0 70 159 0 13327 0 279 0 0 0 0 0 0 0 0 0 0 0 0 0 0 0 0 0 0 0 0 0 0 0 0 0 0 0 0 0 0 0 0 0 0 0 0 0 0 0 0 0 0 0 0 0 0 0 0 0 0 0 0 0 0 0 0 0 0 0 0 0 0 0 0 0 0 0 0 0 0 0 0 0 0 0 0 0 0 0 0 0 0 0 0 0 0 0 0 0 0 0 0 0 0 0 0 0 0 0 0 0 0 0 0 0 0 0 0 0 0 0 0 0 0 0 0 0 0 0 0 0 0 0 0 1571 0 0 0 0 0 0 0 0 0 0 0 0 0 0 0 0 0 0 0 0 0 0 0 1 0 0 0 2 0 681900 0 1727 669 8 671 71 67773 459 189 0 0 0 0 0 0 0 0 0 0 0 569501 359362 0 0 0 522 0 0 0 0 537059 0 0 0 206831 106485 0 0 0 0 0 0 0 0 0 0 0 0 0 0 0 0 0 0 0 0 0 0 0 0 0 0 0 0 0 0 0 0 0 0 0 0 0 0 0 0 0 0 0 0 0 0 0 33 0 33 0 0 0 0 0 0 0 0 0 0 0 0 0 958 679 0 0 2897169 0 0 6 0 7 0 0 0 0 0 0 0 0 0 7 7 0 0 0 0 0 0 0 43 0 0 0 0 0 0 0 0 0 0 0 0 0 0 0 97 20454 0 0 0 0 0 0 0 0 0 0 0 0 0 0 0 13907 139236 2 0 0 0 394631 0 106136 0 17121 98521 67881 1 0 23624 0 0 0 0 0 0 2 74273 106273 0 190917 0 0 0 0 0 0 0 0 0 557 251 142 0 0 0 0 0 0 0 69 68 16463 2628 337729
ctxt 59129301
btime 1783912548
processes 108357
procs_running 2
procs_blocked 0
softirq 10744129 74368 1831142 43 444118 3143294 0 135996 4299650 413 815105
18078 (evermore.oda.qa) S 1085 1085 0 0 -1 4194624 169063 0 14471 0 3272 1489 0 0 10 -10 199 0 37715336 18082758656 225723 18446744073709551615 1 1 0 0 0 0 4612 1 1619039484 0 0 0 17 2 0 0 0 0 0 0 0 0 0 0 0 0 0
