cpu  430988 299069 730534 25537832 24568 164975 50510 0 0 0
cpu0 46883 50460 96232 3147778 2541 42599 13517 0 0 0
cpu1 52008 59018 105353 3147461 3075 23307 8895 0 0 0
cpu2 52209 58690 104408 3151897 3020 22463 7296 0 0 0
cpu3 49543 54390 97398 3163976 2351 27531 6872 0 0 0
cpu4 44661 11429 87648 3230920 1959 18919 5452 0 0 0
cpu5 44522 11735 84259 3235768 1887 18170 5300 0 0 0
cpu6 71330 26587 78844 3227699 4854 6089 1649 0 0 0
cpu7 69828 26758 76389 3232329 4876 5892 1526 0 0 0
intr 42319814 0 4027909 17793083 0 0 804429 265990 0 0 0 0 10123180 0 4959 2223241 0 0 0 1 0 22 0 0 0 70 159 0 13334 0 279 0 0 0 0 0 0 0 0 0 0 0 0 0 0 0 0 0 0 0 0 0 0 0 0 0 0 0 0 0 0 0 0 0 0 0 0 0 0 0 0 0 0 0 0 0 0 0 0 0 0 0 0 0 0 0 0 0 0 0 0 0 0 0 0 0 0 0 0 0 0 0 0 0 0 0 0 0 0 0 0 0 0 0 0 0 0 0 0 0 0 0 0 0 0 0 0 0 0 0 0 0 0 0 0 0 0 0 0 0 0 0 0 0 0 0 0 0 0 0 0 0 0 0 0 1571 0 0 0 0 0 0 0 0 0 0 0 0 0 0 0 0 0 0 0 0 0 0 0 1 0 0 0 2 0 682120 0 1727 669 8 671 71 67808 459 189 0 0 0 0 0 0 0 0 0 0 0 570770 361719 0 0 0 522 0 0 0 0 540770 0 0 0 208095 107754 0 0 0 0 0 0 0 0 0 0 0 0 0 0 0 0 0 0 0 0 0 0 0 0 0 0 0 0 0 0 0 0 0 0 0 0 0 0 0 0 0 0 0 0 0 0 0 33 0 33 0 0 0 0 0 0 0 0 0 0 0 0 0 958 679 0 0 2897589 0 0 6 0 7 0 0 0 0 0 0 0 0 0 7 7 0 0 0 0 0 0 0 43 0 0 0 0 0 0 0 0 0 0 0 0 0 0 0 97 20842 0 0 0 0 0 0 0 0 0 0 0 0 0 0 0 13907 139938 2 0 0 0 398427 0 106136 0 17132 98521 67881 1 0 23624 0 0 0 0 0 0 2 74304 106316 0 193546 0 0 0 0 0 0 0 0 0 557 251 142 0 0 0 0 0 0 0 69 68 16483 2628 337996
ctxt 59265805
btime 1783912548
processes 108560
procs_running 10
procs_blocked 0
softirq 10758616 74368 1832621 43 444308 3143693 0 136003 4310537 413 816630
18078 (sample.oda.qa) S 1085 1085 0 0 -1 4194624 181360 0 14617 0 3813 1702 0 0 10 -10 192 0 37715336 17932349440 222026 18446744073709551615 1 1 0 0 0 0 4612 1 1619039484 0 0 0 17 1 0 0 0 0 0 0 0 0 0 0 0 0 0
