cpu  428791 298976 728236 25528581 24559 164300 50418 0 0 0
cpu0 46710 50458 95840 3146703 2541 42384 13495 0 0 0
cpu1 51783 59011 105081 3146276 3073 23224 8876 0 0 0
cpu2 51996 58687 104093 3150731 3019 22382 7281 0 0 0
cpu3 49326 54386 97108 3162770 2350 27447 6860 0 0 0
cpu4 44404 11426 87405 3229712 1958 18840 5441 0 0 0
cpu5 44269 11731 84013 3234556 1886 18094 5290 0 0 0
cpu6 70889 26570 78596 3226574 4852 6061 1647 0 0 0
cpu7 69411 26703 76097 3231255 4876 5864 1524 0 0 0
intr 42172427 0 4020994 17728437 0 0 802718 263797 0 0 0 0 10081651 0 4938 2217891 0 0 0 1 0 22 0 0 0 70 159 0 13325 0 279 0 0 0 0 0 0 0 0 0 0 0 0 0 0 0 0 0 0 0 0 0 0 0 0 0 0 0 0 0 0 0 0 0 0 0 0 0 0 0 0 0 0 0 0 0 0 0 0 0 0 0 0 0 0 0 0 0 0 0 0 0 0 0 0 0 0 0 0 0 0 0 0 0 0 0 0 0 0 0 0 0 0 0 0 0 0 0 0 0 0 0 0 0 0 0 0 0 0 0 0 0 0 0 0 0 0 0 0 0 0 0 0 0 0 0 0 0 0 0 0 0 0 0 0 1571 0 0 0 0 0 0 0 0 0 0 0 0 0 0 0 0 0 0 0 0 0 0 0 1 0 0 0 2 0 681736 0 1727 669 8 671 71 67763 459 189 0 0 0 0 0 0 0 0 0 0 0 569053 358533 0 0 0 522 0 0 0 0 535744 0 0 0 206383 106044 0 0 0 0 0 0 0 0 0 0 0 0 0 0 0 0 0 0 0 0 0 0 0 0 0 0 0 0 0 0 0 0 0 0 0 0 0 0 0 0 0 0 0 0 0 0 0 33 0 33 0 0 0 0 0 0 0 0 0 0 0 0 0 958 679 0 0 2897037 0 0 6 0 7 0 0 0 0 0 0 0 0 0 7 7 0 0 0 0 0 0 0 43 0 0 0 0 0 0 0 0 0 0 0 0 0 0 0 97 20328 0 0 0 0 0 0 0 0 0 0 0 0 0 0 0 13907 138988 2 0 0 0 393277 0 106136 0 17117 98521 67881 1 0 23624 0 0 0 0 0 0 2 74262 106260 0 189984 0 0 0 0 0 0 0 0 0 557 251 142 0 0 0 0 0 0 0 69 68 16454 2628 337634
ctxt 59081192
btime 1783912548
processes 108285
procs_running 7
procs_blocked 0
softirq 10738896 74368 1830592 43 444058 3143182 0 135992 4295742 413 814506
18078 (sample.oda.qa) S 1085 1085 0 0 -1 4194624 164689 0 14416 0 3075 1416 0 0 10 -10 199 0 37715336 18082758656 226293 18446744073709551615 1 1 0 0 0 0 4612 1 1619039484 0 0 0 17 0 0 0 0 0 0 0 0 0 0 0 0 0 0
