cpu  431198 299072 730773 25538836 24568 165046 50519 0 0 0
cpu0 46899 50460 96273 3147894 2541 42622 13519 0 0 0
cpu1 52024 59018 105386 3147586 3075 23317 8897 0 0 0
cpu2 52227 58691 104438 3152029 3020 22472 7297 0 0 0
cpu3 49561 54391 97429 3164106 2351 27539 6873 0 0 0
cpu4 44684 11429 87675 3231052 1959 18927 5453 0 0 0
cpu5 44543 11736 84286 3235898 1887 18178 5301 0 0 0
cpu6 71376 26587 78872 3227818 4854 6092 1650 0 0 0
cpu7 69879 26758 76411 3232450 4876 5896 1526 0 0 0
intr 42334959 0 4028616 17799636 0 0 804651 266231 0 0 0 0 10127491 0 4961 2223817 0 0 0 1 0 22 0 0 0 70 159 0 13335 0 279 0 0 0 0 0 0 0 0 0 0 0 0 0 0 0 0 0 0 0 0 0 0 0 0 0 0 0 0 0 0 0 0 0 0 0 0 0 0 0 0 0 0 0 0 0 0 0 0 0 0 0 0 0 0 0 0 0 0 0 0 0 0 0 0 0 0 0 0 0 0 0 0 0 0 0 0 0 0 0 0 0 0 0 0 0 0 0 0 0 0 0 0 0 0 0 0 0 0 0 0 0 0 0 0 0 0 0 0 0 0 0 0 0 0 0 0 0 0 0 0 0 0 0 0 1571 0 0 0 0 0 0 0 0 0 0 0 0 0 0 0 0 0 0 0 0 0 0 0 1 0 0 0 2 0 682120 0 1727 669 8 671 71 67813 459 189 0 0 0 0 0 0 0 0 0 0 0 570952 362053 0 0 0 522 0 0 0 0 541305 0 0 0 208277 107939 0 0 0 0 0 0 0 0 0 0 0 0 0 0 0 0 0 0 0 0 0 0 0 0 0 0 0 0 0 0 0 0 0 0 0 0 0 0 0 0 0 0 0 0 0 0 0 33 0 33 0 0 0 0 0 0 0 0 0 0 0 0 0 958 679 0 0 2897589 0 0 6 0 7 0 0 0 0 0 0 0 0 0 7 7 0 0 0 0 0 0 0 43 0 0 0 0 0 0 0 0 0 0 0 0 0 0 0 97 20892 0 0 0 0 0 0 0 0 0 0 0 0 0 0 0 13907 140038 2 0 0 0 398969 0 106136 0 17133 98521 67881 1 0 23624 0 0 0 0 0 0 2 74304 106316 0 193925 0 0 0 0 0 0 0 0 0 557 251 142 0 0 0 0 0 0 0 69 68 16488 2628 338028
ctxt 59284485
btime 1783912548
processes 108589
procs_running 2
procs_blocked 0
softirq 10760500 74368 1832826 43 444324 3143693 0 136003 4312049 413 816781
18078 (sample.oda.qa) S 1085 1085 0 0 -1 4194624 183090 0 14639 0 3893 1732 0 0 10 -10 192 0 37715336 17932349440 224059 18446744073709551615 1 1 0 0 0 0 4612 1 1619039484 0 0 0 17 5 0 0 0 0 0 0 0 0 0 0 0 0 0
