cpu  430564 299017 730013 25535921 24565 164838 50492 0 0 0
cpu0 46849 50460 96150 3147545 2541 42555 13513 0 0 0
cpu1 51966 59015 105286 3147216 3074 23290 8891 0 0 0
cpu2 52171 58689 104338 3151654 3020 22446 7293 0 0 0
cpu3 49500 54390 97333 3163720 2351 27514 6870 0 0 0
cpu4 44612 11428 87596 3230665 1959 18903 5450 0 0 0
cpu5 44471 11734 84209 3235508 1886 18155 5298 0 0 0
cpu6 71247 26572 78785 3227471 4853 6084 1649 0 0 0
cpu7 69742 26727 76312 3232139 4876 5887 1525 0 0 0
intr 42288538 0 4026305 17779425 0 0 804057 265523 0 0 0 0 10114320 0 4954 2222170 0 0 0 1 0 22 0 0 0 70 159 0 13332 0 279 0 0 0 0 0 0 0 0 0 0 0 0 0 0 0 0 0 0 0 0 0 0 0 0 0 0 0 0 0 0 0 0 0 0 0 0 0 0 0 0 0 0 0 0 0 0 0 0 0 0 0 0 0 0 0 0 0 0 0 0 0 0 0 0 0 0 0 0 0 0 0 0 0 0 0 0 0 0 0 0 0 0 0 0 0 0 0 0 0 0 0 0 0 0 0 0 0 0 0 0 0 0 0 0 0 0 0 0 0 0 0 0 0 0 0 0 0 0 0 0 0 0 0 0 1571 0 0 0 0 0 0 0 0 0 0 0 0 0 0 0 0 0 0 0 0 0 0 0 1 0 0 0 2 0 682120 0 1727 669 8 671 71 67798 459 189 0 0 0 0 0 0 0 0 0 0 0 570405 361045 0 0 0 522 0 0 0 0 539712 0 0 0 207735 107362 0 0 0 0 0 0 0 0 0 0 0 0 0 0 0 0 0 0 0 0 0 0 0 0 0 0 0 0 0 0 0 0 0 0 0 0 0 0 0 0 0 0 0 0 0 0 0 33 0 33 0 0 0 0 0 0 0 0 0 0 0 0 0 958 679 0 0 2897512 0 0 6 0 7 0 0 0 0 0 0 0 0 0 7 7 0 0 0 0 0 0 0 43 0 0 0 0 0 0 0 0 0 0 0 0 0 0 0 97 20690 0 0 0 0 0 0 0 0 0 0 0 0 0 0 0 13907 139738 2 0 0 0 397346 0 106136 0 17129 98521 67881 1 0 23624 0 0 0 0 0 0 2 74293 106301 0 192797 0 0 0 0 0 0 0 0 0 557 251 142 0 0 0 0 0 0 0 69 68 16477 2628 337913
ctxt 59225707
btime 1783912548
processes 108497
procs_running 5
procs_blocked 0
softirq 10754473 74368 1832188 43 444245 3143623 0 136000 4307467 413 816126
18078 (sample.oda.qa) S 1085 1085 0 0 -1 4194624 177825 0 14567 0 3669 1640 0 0 10 -10 193 0 37715336 17956593664 225707 18446744073709551615 1 1 0 0 0 0 4612 1 1619039484 0 0 0 17 1 0 0 0 0 0 0 0 0 0 0 0 0 0
