cpu  431797 299104 731419 25541907 24570 165238 50544 0 0 0
cpu0 46954 50460 96412 3148240 2541 42684 13525 0 0 0
cpu1 52065 59020 105466 3147984 3075 23341 8902 0 0 0
cpu2 52278 58692 104508 3152435 3021 22494 7301 0 0 0
cpu3 49609 54392 97503 3164512 2352 27562 6876 0 0 0
cpu4 44742 11430 87739 3231462 1959 18949 5456 0 0 0
cpu5 44608 11737 84354 3236304 1887 18200 5304 0 0 0
cpu6 71534 26587 78940 3228166 4855 6101 1650 0 0 0
cpu7 70004 26783 76494 3232800 4876 5904 1526 0 0 0
intr 42381272 0 4030810 17819888 0 0 805257 266899 0 0 0 0 10140392 0 4968 2225518 0 0 0 1 0 22 0 0 0 70 159 0 13359 0 279 0 0 0 0 0 0 0 0 0 0 0 0 0 0 0 0 0 0 0 0 0 0 0 0 0 0 0 0 0 0 0 0 0 0 0 0 0 0 0 0 0 0 0 0 0 0 0 0 0 0 0 0 0 0 0 0 0 0 0 0 0 0 0 0 0 0 0 0 0 0 0 0 0 0 0 0 0 0 0 0 0 0 0 0 0 0 0 0 0 0 0 0 0 0 0 0 0 0 0 0 0 0 0 0 0 0 0 0 0 0 0 0 0 0 0 0 0 0 0 0 0 0 0 0 1571 0 0 0 0 0 0 0 0 0 0 0 0 0 0 0 0 0 0 0 0 0 0 0 1 0 0 0 2 0 682284 0 1727 669 8 671 71 67933 459 189 0 0 0 0 0 0 0 0 0 0 0 571496 363065 0 0 0 522 0 0 0 0 542892 0 0 0 208818 108496 0 0 0 0 0 0 0 0 0 0 0 0 0 0 0 0 0 0 0 0 0 0 0 0 0 0 0 0 0 0 0 0 0 0 0 0 0 0 0 0 0 0 0 0 0 0 0 33 0 33 0 0 0 0 0 0 0 0 0 0 0 0 0 958 679 0 0 2897717 0 0 6 0 7 0 0 0 0 0 0 0 0 0 7 7 0 0 0 0 0 0 0 43 0 0 0 0 0 0 0 0 0 0 0 0 0 0 0 97 21076 0 0 0 0 0 0 0 0 0 0 0 0 0 0 0 13907 140338 2 0 0 0 400450 0 106141 0 17138 98521 67881 1 0 23624 0 0 0 0 0 0 2 74328 106346 0 195051 0 0 0 0 0 0 0 0 0 557 251 142 0 0 0 0 0 0 0 69 68 16496 2628 338172
ctxt 59343285
btime 1783912548
processes 108683
procs_running 2
procs_blocked 0
softirq 10766200 74368 1833482 43 444410 3143812 0 136022 4316263 413 817387
18078 (evermore.oda.qa) S 1085 1085 0 0 -1 4194624 189011 0 15054 0 4131 1801 0 0 10 -10 192 0 37715336 17932349440 224445 18446744073709551615 1 1 0 0 0 0 4612 1 1619039484 0 0 0 17 7 0 0 0 0 0 0 0 0 0 0 0 0 0
