cpu  429738 299011 729190 25532488 24562 164587 50457 0 0 0
cpu0 46781 50459 96005 3147153 2541 42476 13504 0 0 0
cpu1 51887 59014 105186 3146776 3073 23259 8884 0 0 0
cpu2 52084 58689 104236 3151213 3019 22417 7287 0 0 0
cpu3 49418 54388 97235 3163278 2351 27483 6866 0 0 0
cpu4 44512 11428 87512 3230225 1959 18873 5446 0 0 0
cpu5 44387 11733 84112 3235063 1886 18126 5294 0 0 0
cpu6 71079 26571 78699 3227053 4853 6073 1648 0 0 0
cpu7 69586 26726 76203 3231723 4876 5876 1525 0 0 0
intr 42234154 0 4023892 17755380 0 0 803470 264697 0 0 0 0 10099165 0 4947 2220182 0 0 0 1 0 22 0 0 0 70 159 0 13329 0 279 0 0 0 0 0 0 0 0 0 0 0 0 0 0 0 0 0 0 0 0 0 0 0 0 0 0 0 0 0 0 0 0 0 0 0 0 0 0 0 0 0 0 0 0 0 0 0 0 0 0 0 0 0 0 0 0 0 0 0 0 0 0 0 0 0 0 0 0 0 0 0 0 0 0 0 0 0 0 0 0 0 0 0 0 0 0 0 0 0 0 0 0 0 0 0 0 0 0 0 0 0 0 0 0 0 0 0 0 0 0 0 0 0 0 0 0 0 0 0 0 0 0 0 0 1571 0 0 0 0 0 0 0 0 0 0 0 0 0 0 0 0 0 0 0 0 0 0 0 1 0 0 0 2 0 681900 0 1727 669 8 671 71 67783 459 189 0 0 0 0 0 0 0 0 0 0 0 569775 359865 0 0 0 522 0 0 0 0 537865 0 0 0 207105 106750 0 0 0 0 0 0 0 0 0 0 0 0 0 0 0 0 0 0 0 0 0 0 0 0 0 0 0 0 0 0 0 0 0 0 0 0 0 0 0 0 0 0 0 0 0 0 0 33 0 33 0 0 0 0 0 0 0 0 0 0 0 0 0 958 679 0 0 2897179 0 0 6 0 7 0 0 0 0 0 0 0 0 0 7 7 0 0 0 0 0 0 0 43 0 0 0 0 0 0 0 0 0 0 0 0 0 0 0 97 20521 0 0 0 0 0 0 0 0 0 0 0 0 0 0 0 13907 139388 2 0 0 0 395452 0 106136 0 17123 98521 67881 1 0 23624 0 0 0 0 0 0 2 74283 106289 0 191486 0 0 0 0 0 0 0 0 0 557 251 142 0 0 0 0 0 0 0 69 68 16468 2628 337780
ctxt 59157968
btime 1783912548
processes 108399
procs_running 7
procs_blocked 0
softirq 10747218 74368 1831449 43 444152 3143300 0 135996 4302053 413 815444
18078 (sample.oda.qa) S 1085 1085 0 0 -1 4194624 171700 0 14503 0 3395 1531 0 0 10 -10 199 0 37715336 18082758656 226252 18446744073709551615 1 1 0 0 0 0 4612 1 1619039484 0 0 0 17 5 0 0 0 0 0 0 0 0 0 0 0 0 0
