cpu  429850 299012 729321 25532969 24564 164622 50463 0 0 0
cpu0 46789 50459 96025 3147211 2541 42486 13506 0 0 0
cpu1 51896 59014 105202 3146837 3074 23264 8885 0 0 0
cpu2 52092 58689 104255 3151274 3020 22421 7288 0 0 0
cpu3 49431 54388 97249 3163338 2351 27488 6866 0 0 0
cpu4 44524 11428 87526 3230289 1959 18878 5447 0 0 0
cpu5 44405 11734 84129 3235124 1886 18130 5295 0 0 0
cpu6 71102 26571 78714 3227111 4853 6074 1648 0 0 0
cpu7 69608 26727 76218 3231783 4876 5878 1525 0 0 0
intr 42242409 0 4024271 17759087 0 0 803560 264835 0 0 0 0 10101332 0 4947 2220423 0 0 0 1 0 22 0 0 0 70 159 0 13329 0 279 0 0 0 0 0 0 0 0 0 0 0 0 0 0 0 0 0 0 0 0 0 0 0 0 0 0 0 0 0 0 0 0 0 0 0 0 0 0 0 0 0 0 0 0 0 0 0 0 0 0 0 0 0 0 0 0 0 0 0 0 0 0 0 0 0 0 0 0 0 0 0 0 0 0 0 0 0 0 0 0 0 0 0 0 0 0 0 0 0 0 0 0 0 0 0 0 0 0 0 0 0 0 0 0 0 0 0 0 0 0 0 0 0 0 0 0 0 0 0 0 0 0 0 0 1571 0 0 0 0 0 0 0 0 0 0 0 0 0 0 0 0 0 0 0 0 0 0 0 1 0 0 0 2 0 681900 0 1727 669 8 671 71 67783 459 189 0 0 0 0 0 0 0 0 0 0 0 569865 360034 0 0 0 522 0 0 0 0 538127 0 0 0 207195 106846 0 0 0 0 0 0 0 0 0 0 0 0 0 0 0 0 0 0 0 0 0 0 0 0 0 0 0 0 0 0 0 0 0 0 0 0 0 0 0 0 0 0 0 0 0 0 0 33 0 33 0 0 0 0 0 0 0 0 0 0 0 0 0 958 679 0 0 2897452 0 0 6 0 7 0 0 0 0 0 0 0 0 0 7 7 0 0 0 0 0 0 0 43 0 0 0 0 0 0 0 0 0 0 0 0 0 0 0 97 20546 0 0 0 0 0 0 0 0 0 0 0 0 0 0 0 13907 139438 2 0 0 0 395720 0 106136 0 17124 98521 67881 1 0 23624 0 0 0 0 0 0 2 74283 106289 0 191673 0 0 0 0 0 0 0 0 0 557 251 142 0 0 0 0 0 0 0 69 68 16468 2628 337802
ctxt 59168249
btime 1783912548
processes 108413
procs_running 1
procs_blocked 0
softirq 10748534 74368 1831561 43 444163 3143581 0 135998 4302839 413 815568
18078 (evermore.oda.qa) S 1085 1085 0 0 -1 4194624 172569 0 14513 0 3433 1549 0 0 10 -10 199 0 37715336 18082758656 225741 18446744073709551615 1 1 0 0 0 0 4612 1 1619039484 0 0 0 17 5 0 0 0 0 0 0 0 0 0 0 0 0 0
