cpu  430891 299068 730415 25537334 24568 164939 50505 0 0 0
cpu0 46875 50460 96212 3147720 2541 42588 13516 0 0 0
cpu1 51999 59018 105334 3147403 3075 23302 8894 0 0 0
cpu2 52202 58690 104394 3151833 3020 22458 7295 0 0 0
cpu3 49536 54390 97381 3163911 2351 27527 6872 0 0 0
cpu4 44648 11429 87638 3230856 1959 18914 5451 0 0 0
cpu5 44511 11734 84247 3235701 1887 18167 5299 0 0 0
cpu6 71312 26586 78834 3227632 4854 6088 1649 0 0 0
cpu7 69804 26758 76371 3232276 4876 5891 1526 0 0 0
intr 42312246 0 4027580 17789769 0 0 804320 265880 0 0 0 0 10121032 0 4958 2222961 0 0 0 1 0 22 0 0 0 70 159 0 13334 0 279 0 0 0 0 0 0 0 0 0 0 0 0 0 0 0 0 0 0 0 0 0 0 0 0 0 0 0 0 0 0 0 0 0 0 0 0 0 0 0 0 0 0 0 0 0 0 0 0 0 0 0 0 0 0 0 0 0 0 0 0 0 0 0 0 0 0 0 0 0 0 0 0 0 0 0 0 0 0 0 0 0 0 0 0 0 0 0 0 0 0 0 0 0 0 0 0 0 0 0 0 0 0 0 0 0 0 0 0 0 0 0 0 0 0 0 0 0 0 0 0 0 0 0 0 1571 0 0 0 0 0 0 0 0 0 0 0 0 0 0 0 0 0 0 0 0 0 0 0 1 0 0 0 2 0 682120 0 1727 669 8 671 71 67808 459 189 0 0 0 0 0 0 0 0 0 0 0 570679 361550 0 0 0 522 0 0 0 0 540505 0 0 0 208004 107652 0 0 0 0 0 0 0 0 0 0 0 0 0 0 0 0 0 0 0 0 0 0 0 0 0 0 0 0 0 0 0 0 0 0 0 0 0 0 0 0 0 0 0 0 0 0 0 33 0 33 0 0 0 0 0 0 0 0 0 0 0 0 0 958 679 0 0 2897584 0 0 6 0 7 0 0 0 0 0 0 0 0 0 7 7 0 0 0 0 0 0 0 43 0 0 0 0 0 0 0 0 0 0 0 0 0 0 0 97 20820 0 0 0 0 0 0 0 0 0 0 0 0 0 0 0 13907 139887 2 0 0 0 398160 0 106136 0 17131 98521 67881 1 0 23624 0 0 0 0 0 0 2 74304 106316 0 193358 0 0 0 0 0 0 0 0 0 557 251 142 0 0 0 0 0 0 0 69 68 16482 2628 337972
ctxt 59256486
btime 1783912548
processes 108546
procs_running 1
procs_blocked 0
softirq 10757575 74368 1832505 43 444293 3143690 0 136001 4309770 413 816492
18078 (evermore.oda.qa) S 1085 1085 0 0 -1 4194624 180482 0 14594 0 3772 1686 0 0 10 -10 192 0 37715336 17932349440 224510 18446744073709551615 1 1 0 0 0 0 4612 1 1619039484 0 0 0 17 1 0 0 0 0 0 0 0 0 0 0 0 0 0
