cpu  429496 298986 728969 25531527 24562 164515 50447 0 0 0
cpu0 46765 50459 95965 3147041 2541 42453 13502 0 0 0
cpu1 51859 59013 105163 3146650 3073 23250 8882 0 0 0
cpu2 52060 58689 104205 3151089 3019 22408 7286 0 0 0
cpu3 49394 54388 97205 3163151 2351 27474 6864 0 0 0
cpu4 44488 11427 87482 3230096 1959 18865 5445 0 0 0
cpu5 44357 11733 84089 3234938 1886 18118 5293 0 0 0
cpu6 71027 26570 78679 3226936 4853 6070 1648 0 0 0
cpu7 69541 26704 76177 3231623 4876 5873 1524 0 0 0
intr 42218926 0 4023205 17748749 0 0 803264 264480 0 0 0 0 10094764 0 4944 2219625 0 0 0 1 0 22 0 0 0 70 159 0 13328 0 279 0 0 0 0 0 0 0 0 0 0 0 0 0 0 0 0 0 0 0 0 0 0 0 0 0 0 0 0 0 0 0 0 0 0 0 0 0 0 0 0 0 0 0 0 0 0 0 0 0 0 0 0 0 0 0 0 0 0 0 0 0 0 0 0 0 0 0 0 0 0 0 0 0 0 0 0 0 0 0 0 0 0 0 0 0 0 0 0 0 0 0 0 0 0 0 0 0 0 0 0 0 0 0 0 0 0 0 0 0 0 0 0 0 0 0 0 0 0 0 0 0 0 0 0 1571 0 0 0 0 0 0 0 0 0 0 0 0 0 0 0 0 0 0 0 0 0 0 0 1 0 0 0 2 0 681900 0 1727 669 8 671 71 67778 459 189 0 0 0 0 0 0 0 0 0 0 0 569595 359535 0 0 0 522 0 0 0 0 537336 0 0 0 206925 106575 0 0 0 0 0 0 0 0 0 0 0 0 0 0 0 0 0 0 0 0 0 0 0 0 0 0 0 0 0 0 0 0 0 0 0 0 0 0 0 0 0 0 0 0 0 0 0 33 0 33 0 0 0 0 0 0 0 0 0 0 0 0 0 958 679 0 0 2897173 0 0 6 0 7 0 0 0 0 0 0 0 0 0 7 7 0 0 0 0 0 0 0 43 0 0 0 0 0 0 0 0 0 0 0 0 0 0 0 97 20478 0 0 0 0 0 0 0 0 0 0 0 0 0 0 0 13907 139289 2 0 0 0 394914 0 106136 0 17122 98521 67881 1 0 23624 0 0 0 0 0 0 2 74273 106273 0 191113 0 0 0 0 0 0 0 0 0 557 251 142 0 0 0 0 0 0 0 69 68 16464 2628 337744
ctxt 59139125
btime 1783912548
processes 108371
procs_running 1
procs_blocked 0
softirq 10745182 74368 1831243 43 444133 3143296 0 135996 4300474 413 815216
18078 (evermore.oda.qa) S 1085 1085 0 0 -1 4194624 169940 0 14481 0 3312 1506 0 0 10 -10 199 0 37715336 18082758656 225717 18446744073709551615 1 1 0 0 0 0 4612 1 1619039484 0 0 0 17 2 0 0 0 0 0 0 0 0 0 0 0 0 0
