cpu  431689 299102 731302 25541383 24570 165203 50539 0 0 0
cpu0 46944 50460 96389 3148181 2541 42673 13524 0 0 0
cpu1 52056 59020 105450 3147918 3075 23336 8901 0 0 0
cpu2 52269 58692 104495 3152368 3021 22491 7300 0 0 0
cpu3 49598 54391 97488 3164443 2352 27557 6876 0 0 0
cpu4 44732 11430 87726 3231394 1959 18945 5455 0 0 0
cpu5 44596 11737 84343 3236235 1887 18195 5303 0 0 0
cpu6 71508 26587 78929 3228103 4855 6099 1650 0 0 0
cpu7 69982 26783 76480 3232736 4876 5903 1526 0 0 0
intr 42373819 0 4030490 17816669 0 0 805153 266785 0 0 0 0 10138227 0 4965 2225210 0 0 0 1 0 22 0 0 0 70 159 0 13359 0 279 0 0 0 0 0 0 0 0 0 0 0 0 0 0 0 0 0 0 0 0 0 0 0 0 0 0 0 0 0 0 0 0 0 0 0 0 0 0 0 0 0 0 0 0 0 0 0 0 0 0 0 0 0 0 0 0 0 0 0 0 0 0 0 0 0 0 0 0 0 0 0 0 0 0 0 0 0 0 0 0 0 0 0 0 0 0 0 0 0 0 0 0 0 0 0 0 0 0 0 0 0 0 0 0 0 0 0 0 0 0 0 0 0 0 0 0 0 0 0 0 0 0 0 0 1571 0 0 0 0 0 0 0 0 0 0 0 0 0 0 0 0 0 0 0 0 0 0 0 1 0 0 0 2 0 682284 0 1727 669 8 671 71 67933 459 189 0 0 0 0 0 0 0 0 0 0 0 571403 362894 0 0 0 522 0 0 0 0 542626 0 0 0 208725 108407 0 0 0 0 0 0 0 0 0 0 0 0 0 0 0 0 0 0 0 0 0 0 0 0 0 0 0 0 0 0 0 0 0 0 0 0 0 0 0 0 0 0 0 0 0 0 0 33 0 33 0 0 0 0 0 0 0 0 0 0 0 0 0 958 679 0 0 2897717 0 0 6 0 7 0 0 0 0 0 0 0 0 0 7 7 0 0 0 0 0 0 0 43 0 0 0 0 0 0 0 0 0 0 0 0 0 0 0 97 21066 0 0 0 0 0 0 0 0 0 0 0 0 0 0 0 13907 140287 2 0 0 0 400217 0 106141 0 17137 98521 67881 1 0 23624 0 0 0 0 0 0 2 74328 106346 0 194857 0 0 0 0 0 0 0 0 0 557 251 142 0 0 0 0 0 0 0 69 68 16494 2628 338155
ctxt 59334186
btime 1783912548
processes 108669
procs_running 3
procs_blocked 0
softirq 10765281 74368 1833382 43 444403 3143812 0 136022 4315516 413 817322
18078 (evermore.oda.qa) S 1085 1085 0 0 -1 4194624 188143 0 15042 0 4089 1790 0 0 10 -10 192 0 37715336 17932349440 224454 18446744073709551615 1 1 0 0 0 0 4612 1 1619039484 0 0 0 17 7 0 0 0 0 0 0 0 0 0 0 0 0 0
