cpu  429131 298983 728611 25530036 24562 164404 50432 0 0 0
cpu0 46738 50458 95900 3146874 2541 42418 13498 0 0 0
cpu1 51815 59012 105122 3146462 3073 23237 8879 0 0 0
cpu2 52029 58688 104159 3150898 3019 22395 7283 0 0 0
cpu3 49365 54388 97152 3162960 2351 27460 6862 0 0 0
cpu4 44445 11427 87443 3229902 1959 18852 5443 0 0 0
cpu5 44304 11732 84057 3234747 1886 18105 5292 0 0 0
cpu6 70952 26570 78634 3226761 4852 6065 1648 0 0 0
cpu7 69479 26704 76141 3231428 4876 5869 1524 0 0 0
intr 42195555 0 4022087 17738558 0 0 802997 264127 0 0 0 0 10088084 0 4941 2218730 0 0 0 1 0 22 0 0 0 70 159 0 13326 0 279 0 0 0 0 0 0 0 0 0 0 0 0 0 0 0 0 0 0 0 0 0 0 0 0 0 0 0 0 0 0 0 0 0 0 0 0 0 0 0 0 0 0 0 0 0 0 0 0 0 0 0 0 0 0 0 0 0 0 0 0 0 0 0 0 0 0 0 0 0 0 0 0 0 0 0 0 0 0 0 0 0 0 0 0 0 0 0 0 0 0 0 0 0 0 0 0 0 0 0 0 0 0 0 0 0 0 0 0 0 0 0 0 0 0 0 0 0 0 0 0 0 0 0 0 1571 0 0 0 0 0 0 0 0 0 0 0 0 0 0 0 0 0 0 0 0 0 0 0 1 0 0 0 2 0 681900 0 1727 669 8 671 71 67768 459 189 0 0 0 0 0 0 0 0 0 0 0 569321 359029 0 0 0 522 0 0 0 0 536532 0 0 0 206651 106296 0 0 0 0 0 0 0 0 0 0 0 0 0 0 0 0 0 0 0 0 0 0 0 0 0 0 0 0 0 0 0 0 0 0 0 0 0 0 0 0 0 0 0 0 0 0 0 33 0 33 0 0 0 0 0 0 0 0 0 0 0 0 0 958 679 0 0 2897145 0 0 6 0 7 0 0 0 0 0 0 0 0 0 7 7 0 0 0 0 0 0 0 43 0 0 0 0 0 0 0 0 0 0 0 0 0 0 0 97 20400 0 0 0 0 0 0 0 0 0 0 0 0 0 0 0 13907 139136 2 0 0 0 394089 0 106136 0 17119 98521 67881 1 0 23624 0 0 0 0 0 0 2 74273 106273 0 190542 0 0 0 0 0 0 0 0 0 557 251 142 0 0 0 0 0 0 0 69 68 16460 2628 337691
ctxt 59110220
btime 1783912548
processes 108329
procs_running 3
procs_blocked 0
softirq 10742014 74368 1830898 43 444097 3143280 0 135992 4298064 413 814859
18078 (sample.oda.qa) S 1085 1085 0 0 -1 4194624 167294 0 14442 0 3191 1458 0 0 10 -10 199 0 37715336 18082758656 225746 18446744073709551615 1 1 0 0 0 0 4612 1 1619039484 0 0 0 17 5 0 0 0 0 0 0 0 0 0 0 0 0 0
