cpu  429253 298984 728725 25530523 24562 164440 50437 0 0 0
cpu0 46746 50458 95922 3146928 2541 42429 13499 0 0 0
cpu1 51831 59012 105137 3146522 3073 23242 8880 0 0 0
cpu2 52039 58688 104173 3150960 3019 22399 7284 0 0 0
cpu3 49374 54388 97169 3163023 2351 27465 6863 0 0 0
cpu4 44458 11427 87455 3229966 1959 18857 5444 0 0 0
cpu5 44323 11733 84065 3234811 1886 18109 5292 0 0 0
cpu6 70980 26570 78647 3226816 4852 6067 1648 0 0 0
cpu7 69498 26704 76153 3231493 4876 5870 1524 0 0 0
intr 42203224 0 4022446 17741903 0 0 803088 264246 0 0 0 0 10090249 0 4943 2219031 0 0 0 1 0 22 0 0 0 70 159 0 13327 0 279 0 0 0 0 0 0 0 0 0 0 0 0 0 0 0 0 0 0 0 0 0 0 0 0 0 0 0 0 0 0 0 0 0 0 0 0 0 0 0 0 0 0 0 0 0 0 0 0 0 0 0 0 0 0 0 0 0 0 0 0 0 0 0 0 0 0 0 0 0 0 0 0 0 0 0 0 0 0 0 0 0 0 0 0 0 0 0 0 0 0 0 0 0 0 0 0 0 0 0 0 0 0 0 0 0 0 0 0 0 0 0 0 0 0 0 0 0 0 0 0 0 0 0 0 1571 0 0 0 0 0 0 0 0 0 0 0 0 0 0 0 0 0 0 0 0 0 0 0 1 0 0 0 2 0 681900 0 1727 669 8 671 71 67773 459 189 0 0 0 0 0 0 0 0 0 0 0 569411 359194 0 0 0 522 0 0 0 0 536796 0 0 0 206741 106395 0 0 0 0 0 0 0 0 0 0 0 0 0 0 0 0 0 0 0 0 0 0 0 0 0 0 0 0 0 0 0 0 0 0 0 0 0 0 0 0 0 0 0 0 0 0 0 33 0 33 0 0 0 0 0 0 0 0 0 0 0 0 0 958 679 0 0 2897156 0 0 6 0 7 0 0 0 0 0 0 0 0 0 7 7 0 0 0 0 0 0 0 43 0 0 0 0 0 0 0 0 0 0 0 0 0 0 0 97 20427 0 0 0 0 0 0 0 0 0 0 0 0 0 0 0 13907 139186 2 0 0 0 394362 0 106136 0 17120 98521 67881 1 0 23624 0 0 0 0 0 0 2 74273 106273 0 190729 0 0 0 0 0 0 0 0 0 557 251 142 0 0 0 0 0 0 0 69 68 16460 2628 337715
ctxt 59119886
btime 1783912548
processes 108343
procs_running 5
procs_blocked 0
softirq 10743067 74368 1831023 43 444112 3143286 0 135996 4298844 413 814982
18078 (sample.oda.qa) S 1085 1085 0 0 -1 4194624 168186 0 14461 0 3232 1473 0 0 10 -10 199 0 37715336 18082758656 226249 18446744073709551615 1 1 0 0 0 0 4612 1 1619039484 0 0 0 17 5 0 0 0 0 0 0 0 0 0 0 0 0 0
